[ 18.313573, -32.472239 ][ 11.098421, -17.546608 ][ 13.736936, -8.197188 ][ 8.109913, 4.069533 ][ 4.228741, 6.180207 ][ -8.402154, 4.668020 ][ -13.119063, 9.124241 ][ -17.621831, 14.188755 ][ -16.851301, 21.118494 ][ -13.513941, 27.149164 ][ -10.410781, 28.320167 ][ -9.942379, 31.072026 ][ -7.600372, 33.355483 ][ -5.726766, 35.697491 ][ -2.330855, 34.994888 ][ 1.709108, 36.575743 ][ 10.491636, 37.922398 ][ 11.018587, 35.170539 ][ 9.730483, 33.999535 ][ 11.896840, 32.887082 ][ 14.941450, 32.535781 ][ 18.630112, 30.076673 ][ 19.859665, 31.013476 ][ 19.801115, 31.774628 ][ 21.616171, 32.652881 ][ 23.665428, 32.301580 ][ 27.939591, 31.481877 ][ 29.988848, 31.189126 ][ 31.745353, 31.481877 ][ 33.472584, 30.954926 ][ 33.704925, 31.316345 ][ 34.024317, 30.734201 ][ 34.631144, 28.801629 ][ 34.159663, 27.778366 ][ 33.452319, 27.972332 ][ 35.224870, 24.029383 ][ 37.315599, 19.296794 ][ 42.389305, 13.541047 ][ 42.464241, 10.826007 ][ 44.729028, 10.262667 ][ 51.717728, 11.826668 ][ 46.447697, 3.333037 ][ 38.701207, -3.205012 ][ 41.599714, -14.475292 ][ 36.722119, -18.519981 ][ 31.859277, -31.104358 ][ 28.999891, -31.714570 ][ 27.913328, -33.597944 ][ 24.577003, -34.288219 ][ 20.895540, -34.748401 ][ 18.019398, -33.712990 ][ 17.789306, -32.792624 ][ 18.313573, -32.472239 ]

[ -3.384758, 58.883364 ][ -0.457249, 53.379647 ][ -0.457249, 53.379647 ][ 1.416357, 52.911245 ][ 0.713755, 50.861989 ][ -5.785316, 49.632435 ][ -4.907063, 51.681691 ][ -4.263011, 53.028346 ][ -3.209108, 53.145446 ][ -3.560409, 54.843401 ][ -5.375465, 55.428903 ][ -6.722119, 57.185409 ][ -3.384758, 58.883364 ]

[ 9.144981, 43.133364 ][ 9.437732, 42.547862 ][ 9.437732, 42.547862 ][ 9.496283, 41.435409 ][ 8.383829, 41.493959 ][ 8.383829, 42.372212 ][ 9.144981, 43.133364 ]

[ 9.437732, 41.142658 ][ 9.789033, 40.322955 ][ 9.789033, 40.322955 ][ 9.496283, 39.151952 ][ 8.442379, 39.034851 ][ 8.149628, 41.025558 ][ 9.437732, 41.142658 ]

[ 15.117100, 38.039498 ][ 15.000000, 37.512546 ][ 15.234201, 36.692844 ][ 12.482342, 37.395446 ][ 12.306691, 37.688197 ][ 13.067844, 38.449349 ][ 13.946097, 37.922398 ][ 13.946097, 37.922398 ][ 15.117100, 38.039498 ]

[ -7.424721, 55.253253 ][ -6.546468, 55.194703 ][ -5.492565, 54.784851 ][ -6.136617, 54.140799 ][ -6.253717, 52.384294 ][ -9.532528, 51.447491 ][ -10.762082, 51.974442 ][ -9.356877, 53.028346 ][ -10.352230, 54.082249 ][ -8.771375, 54.082249 ][ -8.068773, 54.550651 ][ -8.712825, 54.667751 ][ -8.771375, 55.019052 ][ -7.424721, 55.253253 ]

[ 34.643587, 35.551115 ][ 34.350836, 34.789963 ][ 32.769981, 34.087361 ][ 32.125929, 34.907063 ][ 34.643587, 35.551115 ]

[ 22.911657, 36.466398 ][ 23.736084, 36.550597 ][ 23.184037, 36.148103 ][ 22.911657, 36.466398 ]

[ 24.492865, 36.758439 ][ 23.720390, 37.210045 ][ 24.567433, 37.210045 ][ 24.856667, 36.858832 ][ 24.492865, 36.758439 ]

[ 24.112922, 36.486960 ][ 24.588092, 36.259704 ][ 24.588092, 36.259704 ][ 24.546773, 36.011790 ][ 23.968305, 36.053109 ][ 24.112922, 36.486960 ]

[ 98.782429, 8.289323 ][ 98.091208, 8.163646 ][ 98.896527, 10.924743 ][ 97.746070, 15.986754 ][ 97.170842, 17.827485 ][ 95.790293, 15.756662 ][ 94.639836, 16.101800 ][ 94.639836, 18.517759 ][ 93.374334, 19.438125 ][ 90.958374, 22.429313 ][ 88.312323, 22.429313 ][ 85.551226, 20.013353 ][ 80.604261, 16.331891 ][ 80.144078, 14.721251 ][ 79.913986, 11.384926 ][ 79.108666, 9.544194 ][ 77.613072, 8.163646 ][ 76.462615, 10.234469 ][ 73.126290, 17.367302 ][ 72.781153, 22.889496 ][ 71.055467, 21.163811 ][ 69.329782, 22.314268 ][ 67.258959, 25.420502 ][ 59.201681, 25.632190 ][ 54.029376, 26.992444 ][ 50.003039, 30.388273 ][ 47.301348, 30.224907 ][ 51.635592, 24.798998 ][ 54.617516, 25.773550 ][ 56.050358, 25.243075 ][ 59.624960, 21.919815 ][ 57.098475, 18.493070 ][ 43.809140, 12.476650 ][ 42.819099, 16.394191 ][ 39.163466, 21.131296 ][ 38.048425, 24.364695 ][ 34.849735, 28.070015 ][ 34.769404, 28.921640 ][ 33.775837, 31.426654 ][ 35.316914, 33.823885 ][ 35.726766, 36.927045 ][ 32.857807, 36.048792 ][ 30.808550, 37.044145 ][ 29.930297, 36.107342 ][ 27.588290, 37.278346 ][ 26.241636, 39.386152 ][ 26.651487, 40.088755 ][ 28.876394, 41.142658 ][ 31.452602, 41.025558 ][ 34.204461, 42.079461 ][ 40.820632, 41.201208 ][ 41.757435, 42.196561 ][ 40.000929, 43.543216 ][ 36.019517, 45.182621 ][ 36.019517, 45.358271 ][ 38.010223, 45.592472 ][ 38.888476, 47.348978 ][ 34.789963, 46.295074 ][ 35.609665, 45.416822 ][ 33.736059, 44.597119 ][ 32.682156, 45.416822 ][ 33.736059, 46.060874 ][ 30.691450, 46.177974 ][ 27.529740, 42.606413 ][ 28.876394, 41.318309 ][ 26.651487, 40.557156 ][ 22.983396, 40.457287 ][ 23.314126, 38.976301 ][ 24.096027, 37.953520 ][ 22.904275, 36.985595 ][ 22.201673, 36.751394 ][ 19.684015, 40.088755 ][ 19.684015, 41.201208 ][ 18.571561, 42.664963 ][ 16.697955, 42.840613 ][ 12.892193, 45.592472 ][ 12.013941, 45.006970 ][ 15.000000, 41.903810 ][ 16.346654, 41.845260 ][ 18.454461, 40.205855 ][ 15.922165, 37.688197 ][ 15.629414, 37.761385 ][ 15.761152, 38.127323 ][ 15.526952, 40.322955 ][ 11.077138, 42.313662 ][ 9.262082, 44.480019 ][ 6.032229, 43.246142 ][ 3.231413, 43.191914 ][ 3.172862, 41.962361 ][ 0.655204, 41.025558 ][ 0.312471, 38.684569 ][ -2.213755, 37.044145 ][ -5.551115, 36.224442 ][ -8.654275, 37.453996 ][ -8.947026, 39.093401 ][ -9.005576, 42.899164 ][ -8.010223, 43.777416 ][ -1.394052, 43.484665 ][ -1.218401, 45.358271 ][ -1.569703, 46.939126 ][ -4.672862, 47.993030 ][ -4.672862, 48.637082 ][ -1.335502, 48.812732 ][ -1.803903, 49.573885 ][ -1.101301, 49.573885 ][ 1.650558, 50.627788 ][ 4.812268, 52.618494 ][ 4.519517, 53.086896 ][ 7.856877, 54.257900 ][ 8.793680, 53.496747 ][ 9.027881, 54.316450 ][ 8.032528, 55.370353 ][ 8.325279, 57.068309 ][ 10.433086, 57.946561 ][ 10.667286, 56.717007 ][ 9.496283, 54.667751 ][ 10.550186, 54.550651 ][ 10.842937, 53.496747 ][ 12.833643, 54.375000 ][ 13.828996, 53.848048 ][ 18.278810, 55.019052 ][ 19.391264, 54.433550 ][ 20.796468, 55.253253 ][ 20.913569, 57.126859 ][ 22.435874, 58.063662 ][ 23.372677, 56.775558 ][ 24.543680, 57.478160 ][ 23.372677, 59.527416 ][ 29.767904, 59.632820 ][ 27.881041, 60.932621 ][ 23.314126, 60.112918 ][ 21.557621, 60.815520 ][ 21.674721, 63.157528 ][ 25.070632, 65.382435 ][ 24.133829, 65.967937 ][ 22.143123, 65.616636 ][ 20.855019, 63.391729 ][ 17.810409, 62.689126 ][ 17.459108, 61.166822 ][ 18.981413, 59.410316 ][ 16.639405, 59.293216 ][ 16.756506, 57.068309 ][ 15.351301, 55.897305 ][ 13.477695, 55.428903 ][ 12.775093, 56.599907 ][ 10.433086, 59.176115 ][ 8.325279, 58.239312 ][ 5.866171, 58.005112 ][ 4.578067, 60.698420 ][ 7.622677, 62.923327 ][ 10.667286, 63.625929 ][ 15.819703, 68.427045 ][ 25.122770, 70.970972 ][ 35.726766, 68.916653 ][ 41.606562, 66.795848 ][ 44.427529, 66.019468 ][ 53.244478, 68.909956 ][ 56.684601, 68.278050 ][ 61.300282, 69.682822 ][ 67.255752, 69.055931 ][ 68.509536, 68.193955 ][ 69.214789, 69.291015 ][ 67.255752, 69.839545 ][ 67.177391, 71.328413 ][ 69.920042, 73.130726 ][ 72.662693, 72.582196 ][ 71.957440, 71.563497 ][ 72.819416, 68.193955 ][ 71.408909, 66.940172 ][ 69.058066, 67.018533 ][ 72.192524, 66.234918 ][ 75.875512, 68.664124 ][ 77.129296, 67.410340 ][ 78.226356, 68.350678 ][ 75.339739, 69.465962 ][ 74.073199, 69.212654 ][ 73.289584, 71.720220 ][ 75.248621, 72.895642 ][ 81.998742, 71.719815 ][ 80.577200, 73.365811 ][ 86.689393, 73.757618 ][ 86.846116, 75.246486 ][ 95.695981, 75.799602 ][ 96.404031, 76.399972 ][ 104.261583, 77.907418 ][ 113.723412, 76.306625 ][ 113.030368, 75.183353 ][ 106.343797, 73.449667 ][ 118.425536, 73.423321 ][ 122.509658, 72.733047 ][ 123.487547, 73.595890 ][ 127.341578, 73.538367 ][ 128.607080, 71.640113 ][ 131.310654, 70.834793 ][ 132.518634, 71.697636 ][ 134.359366, 71.410022 ][ 145.518799, 72.560479 ][ 158.461440, 71.007362 ][ 161.452629, 69.166630 ][ 168.297848, 69.626813 ][ 171.058945, 68.936539 ][ 171.289036, 69.914427 ][ 176.063433, 69.856905 ][ 179.990833, 68.975720 ][ 179.990999, 65.085004 ][ 178.306824, 64.679848 ][ 175.775819, 65.255076 ][ 178.306824, 64.219665 ][ 179.572327, 63.011685 ][ 179.169667, 62.378934 ][ 177.098844, 62.781594 ][ 170.196102, 60.193065 ][ 168.470417, 60.653248 ][ 166.744731, 60.020497 ][ 165.651797, 60.308111 ][ 163.523451, 59.905451 ][ 161.797766, 58.064720 ][ 163.120791, 56.396557 ][ 156.908323, 50.989409 ][ 155.470252, 55.706283 ][ 156.678232, 57.316923 ][ 158.403918, 58.352334 ][ 164.156203, 61.170954 ][ 164.328771, 62.321411 ][ 166.284548, 62.666548 ][ 164.501340, 62.954162 ][ 163.408406, 62.666548 ][ 162.775654, 61.803705 ][ 160.474740, 60.480680 ][ 157.950727, 61.969200 ][ 153.802089, 59.560314 ][ 151.788790, 59.157654 ][ 150.387533, 59.878300 ][ 148.941408, 59.589075 ][ 144.454626, 59.704121 ][ 140.312981, 57.748344 ][ 134.905833, 54.872202 ][ 136.516472, 54.296973 ][ 137.551884, 53.261562 ][ 139.162524, 54.296973 ][ 140.543072, 53.606699 ][ 141.441732, 51.755982 ][ 140.428026, 48.659734 ][ 135.711153, 44.057906 ][ 132.835010, 42.907448 ][ 132.029690, 43.482677 ][ 129.958867, 42.102129 ][ 129.728776, 40.836626 ][ 127.082725, 39.686169 ][ 127.888045, 38.075529 ][ 129.153547, 37.040118 ][ 129.268593, 35.429478 ][ 126.392451, 34.279021 ][ 126.277405, 36.119752 ][ 126.737588, 37.845438 ][ 125.126948, 38.420666 ][ 124.781811, 40.031306 ][ 121.790622, 38.765803 ][ 121.215394, 39.456077 ][ 122.595942, 40.606534 ][ 121.445485, 41.066717 ][ 119.938172, 39.732839 ][ 118.589315, 38.912540 ][ 116.843657, 38.535712 ][ 118.292581, 38.122199 ][ 119.144571, 37.040118 ][ 120.640165, 37.960483 ][ 122.595942, 37.155163 ][ 120.064937, 36.349843 ][ 118.569343, 34.624158 ][ 119.834845, 34.739204 ][ 120.640165, 33.473701 ][ 121.675577, 29.562147 ][ 119.719800, 25.075364 ][ 115.348063, 22.544359 ][ 110.055961, 20.505228 ][ 109.825869, 21.623993 ][ 106.834681, 21.508948 ][ 105.339087, 19.323079 ][ 106.259452, 17.597394 ][ 108.790458, 15.181434 ][ 109.595778, 11.845109 ][ 105.224041, 9.084012 ][ 105.339087, 10.349514 ][ 103.498356, 10.809697 ][ 103.153218, 12.075200 ][ 101.772670, 12.650428 ][ 100.162030, 13.915931 ][ 100.046984, 12.305291 ][ 99.241665, 10.579606 ][ 99.814937, 9.266141 ][ 100.206744, 7.307104 ][ 101.303804, 6.758574 ][ 103.184479, 5.191345 ][ 103.419564, 1.508357 ][ 100.833636, 3.859200 ][ 100.285106, 6.445128 ][ 98.782429, 8.289323 ] 

[ 23.519052, 35.668216 ][ 26.446561, 35.375465 ][ 26.036710, 35.024164 ][ 23.577602, 34.848513 ][ 23.519052, 35.668216 ]



